0 0.308668 0.521285 0.039961 0.057486
0 0.331543 0.482757 0.037461 0.039125
0 0.663098 0.968750 0.106773 0.062500
0 0.248879 0.446910 0.032289 0.027986
0 0.873539 0.931986 0.148234 0.136028
0 0.345355 0.424146 0.030117 0.021708
0 0.256004 0.481792 0.034914 0.039139
0 0.418086 0.433979 0.037406 0.035292
0 0.466203 0.446340 0.038063 0.035181
0 0.239031 0.402326 0.019453 0.018458
0 0.217195 0.406139 0.020156 0.014722
0 0.188402 0.392819 0.012367 0.014333
0 0.173691 0.396653 0.015555 0.014667
0 0.498109 0.628722 0.066484 0.102194
0 0.597602 0.826569 0.094047 0.139778
0 0.544996 0.502125 0.044727 0.050056
0 0.657918 0.699174 0.088586 0.113542
0 0.401004 0.677424 0.060992 0.114903
0 0.443539 0.502944 0.049437 0.066778
0 0.369398 0.587653 0.046719 0.076750
0 0.198738 0.448854 0.016914 0.034319
0 0.378094 0.478326 0.035781 0.034653
0 0.374254 0.519201 0.041492 0.048819
0 0.466418 0.419278 0.032727 0.024556
0 0.406285 0.413542 0.028680 0.025361
0 0.351137 0.404451 0.022695 0.020708
0 0.295172 0.417875 0.026172 0.021389
0 0.260883 0.413986 0.020391 0.019861
0 0.766156 0.642278 0.077375 0.085111
0 0.920125 0.651618 0.100234 0.102764
0 0.703902 0.503556 0.056852 0.056694
0 0.628617 0.510549 0.052250 0.047597
0 0.650879 0.573160 0.051320 0.038792
