0 0.293238 0.778486 0.072430 0.150000
0 0.737738 0.492535 0.051555 0.051847
0 0.748547 0.577972 0.070609 0.064361
0 0.544289 0.733528 0.073797 0.110306
0 0.301063 0.596229 0.042797 0.074347
0 0.897281 0.460250 0.070922 0.064389
0 0.508844 0.566375 0.054641 0.063167
0 0.328020 0.541375 0.038570 0.062972
0 0.292254 0.506646 0.039008 0.062097
0 0.251699 0.551090 0.041086 0.049458
0 0.913605 0.577306 0.082945 0.086500
0 0.322051 0.417250 0.041477 0.034167
0 0.333816 0.486021 0.042555 0.046042
0 0.387309 0.632458 0.078352 0.190417
0 0.436699 0.571701 0.022086 0.060014
0 0.432320 0.509826 0.045844 0.060764
0 0.733203 0.797361 0.113219 0.170556
0 0.371488 0.474576 0.035523 0.035403
0 0.400820 0.414542 0.029062 0.030139
0 0.288410 0.438257 0.036336 0.036292
0 0.260258 0.453076 0.030781 0.031764
0 0.262133 0.483632 0.035437 0.035236
0 0.260105 0.409028 0.030180 0.025361
0 0.213035 0.403160 0.017117 0.018958
0 0.194496 0.389278 0.020273 0.018944
