0 0.343699 0.491347 0.038070 0.046194
0 0.631582 0.560438 0.050586 0.051069
0 0.307812 0.527569 0.043281 0.067083
0 0.238277 0.520625 0.037508 0.062083
0 0.380637 0.627181 0.049664 0.076583
0 0.186883 0.395674 0.022047 0.021014
0 0.189770 0.470236 0.016742 0.043528
0 0.191988 0.441535 0.020383 0.028347
0 0.179324 0.413562 0.010211 0.021736
0 0.829992 0.613479 0.070172 0.064986
0 0.294496 0.465472 0.038070 0.046194
0 0.251406 0.404507 0.026094 0.025986
0 0.231629 0.399271 0.016742 0.021736
0 0.985582 0.636264 0.028383 0.087583
0 0.340457 0.421069 0.031586 0.039028
0 0.423809 0.421687 0.037070 0.034153
0 0.853082 0.942514 0.107055 0.108250
0 0.273965 0.836569 0.085648 0.129917
0 0.856598 0.704493 0.103211 0.101569
0 0.505352 0.461569 0.039453 0.036861
0 0.662754 0.518792 0.050133 0.052694
0 0.560781 0.489944 0.040781 0.039028
0 0.566480 0.445819 0.039680 0.036917
0 0.433281 0.897431 0.104688 0.205139
0 0.597121 0.640854 0.069352 0.086069
