0 0.542641 0.582882 0.055812 0.079375
0 0.378563 0.514090 0.042516 0.056931
0 0.383008 0.481799 0.034172 0.033486
0 0.516184 0.430979 0.043414 0.035736
0 0.464324 0.452236 0.033773 0.036083
0 0.407043 0.448556 0.025367 0.030583
0 0.374473 0.441917 0.028320 0.026556
0 0.322461 0.445194 0.037344 0.044167
0 0.339313 0.419556 0.028313 0.018833
0 0.298141 0.405042 0.026234 0.017611
0 0.273977 0.463014 0.034391 0.033972
0 0.268418 0.436604 0.033352 0.023792
0 0.236277 0.441701 0.032664 0.025319
0 0.990824 0.642319 0.018023 0.057972
0 0.438078 0.582187 0.048578 0.062819
0 0.623305 0.679708 0.078016 0.101861
0 0.292566 0.503799 0.040148 0.049764
0 0.552844 0.472118 0.052297 0.055625
0 0.262273 0.898542 0.121719 0.191667
0 0.778332 0.642958 0.087617 0.117111
0 0.842543 0.615944 0.072773 0.069472
0 0.616543 0.497646 0.051570 0.059653
0 0.285625 0.625569 0.053938 0.103528
0 0.736105 0.518403 0.052773 0.050639
0 0.700043 0.537701 0.057023 0.058625
0 0.476270 0.632667 0.059898 0.081889
0 0.174176 0.377528 0.063039 0.068528
0 0.228688 0.406368 0.021891 0.021931
0 0.254570 0.402660 0.022578 0.022542
0 0.264555 0.416361 0.022109 0.016083
0 0.230344 0.470215 0.032406 0.029681
0 0.326922 0.540750 0.038078 0.060389
0 0.461012 0.519417 0.049773 0.064083
