0 0.180531 0.397639 0.015312 0.015694
0 0.257309 0.550681 0.041852 0.071083
0 0.652648 0.442625 0.123734 0.086917
0 0.625434 0.868688 0.110039 0.169097
0 0.471102 0.974958 0.107234 0.050083
0 0.253828 0.950917 0.088594 0.098167
0 0.372816 0.511354 0.042148 0.050875
0 0.955594 0.604542 0.060469 0.071000
0 0.565293 0.478840 0.051898 0.052153
0 0.682031 0.497563 0.052500 0.052875
0 0.800590 0.506889 0.063258 0.047667
0 0.567648 0.498556 0.055547 0.091250
0 0.778430 0.655236 0.084578 0.071583
0 0.332496 0.536979 0.043039 0.062375
0 0.301055 0.650069 0.051656 0.093056
0 0.424316 0.566549 0.052336 0.080403
0 0.821996 0.559021 0.068773 0.055764
0 0.709703 0.551840 0.060687 0.062014
0 0.201828 0.392535 0.013969 0.016042
0 0.217211 0.395083 0.020484 0.019500
0 0.247145 0.402521 0.027305 0.023875
0 0.282656 0.402750 0.026766 0.023028
0 0.300250 0.420410 0.024391 0.023014
0 0.361992 0.412354 0.023531 0.023792
0 0.343238 0.432986 0.023805 0.024778
0 0.506281 0.425792 0.101984 0.085111
0 0.387125 0.427646 0.027063 0.029597
0 0.319742 0.479444 0.035906 0.031444
0 0.274734 0.489618 0.033297 0.044403
