0 0.682719 0.721694 0.086203 0.128083
0 0.663152 0.476292 0.043758 0.030861
0 0.282738 0.782111 0.078508 0.169556
0 0.936516 0.692208 0.085641 0.076556
0 0.979398 0.580125 0.041125 0.071694
0 0.447281 0.573403 0.053781 0.065833
0 0.610254 0.474090 0.050336 0.051625
0 0.596523 0.529813 0.038641 0.048931
0 0.397578 0.657521 0.069687 0.137236
0 0.929129 0.608486 0.083602 0.075306
0 0.676910 0.580743 0.062211 0.066819
0 0.522504 0.693181 0.066523 0.116250
0 0.811191 0.676153 0.085023 0.082917
0 0.840129 0.961729 0.046617 0.074403
0 0.676844 0.964306 0.104656 0.071389
0 0.545723 0.583007 0.065508 0.100931
0 0.285750 0.631319 0.045016 0.074056
0 0.274496 0.590410 0.038633 0.055542
0 0.329086 0.545924 0.041656 0.058514
0 0.340340 0.494868 0.037961 0.043597
0 0.344371 0.463514 0.033930 0.032250
0 0.235359 0.522333 0.032922 0.048361
0 0.498492 0.484056 0.043000 0.044194
0 0.534602 0.435083 0.036609 0.029861
0 0.443902 0.464049 0.035273 0.032847
0 0.471617 0.427917 0.042328 0.043000
0 0.390781 0.442882 0.030781 0.029931
0 0.380656 0.419257 0.031266 0.026486
0 0.313348 0.416243 0.025305 0.022986
0 0.263039 0.447563 0.038578 0.029014
0 0.239594 0.462562 0.031859 0.034986
0 0.262363 0.411417 0.024555 0.026000
0 0.234254 0.400583 0.027180 0.023000
0 0.201637 0.477854 0.026430 0.043986
0 0.212133 0.436535 0.032422 0.033319
0 0.188328 0.394722 0.016312 0.019667
0 0.170543 0.394556 0.011398 0.014667
