0 0.785410 0.561993 0.099039 0.095264
0 0.456922 0.587201 0.055906 0.070347
0 0.273906 0.599632 0.040781 0.066569
0 0.479598 0.436458 0.032008 0.031806
0 0.300781 0.415299 0.026156 0.019597
0 0.481082 0.469799 0.038680 0.033764
0 0.583750 0.525896 0.044641 0.045514
0 0.773848 0.425778 0.044633 0.037778
0 0.813621 0.927646 0.141164 0.144708
0 0.429484 0.937785 0.132250 0.124431
0 0.451918 0.521403 0.040711 0.049694
0 0.344551 0.489069 0.039023 0.047139
0 0.264469 0.482049 0.038750 0.047431
0 0.257422 0.550750 0.038750 0.058167
0 0.186727 0.387292 0.012047 0.017556
0 0.171797 0.391479 0.018031 0.020347
0 0.211297 0.399340 0.026156 0.020347
0 0.248258 0.395646 0.026156 0.019597
0 0.405332 0.433799 0.032008 0.027319
0 0.372633 0.439306 0.030891 0.026111
0 0.613719 0.476444 0.036594 0.034639
0 0.575605 0.480167 0.052039 0.051056
0 0.386320 0.626479 0.060344 0.094069
0 0.528711 0.726479 0.068359 0.103097
0 0.718422 0.604090 0.064609 0.080347
0 0.850078 0.562396 0.061766 0.079153
