0 0.488297 0.432569 0.031875 0.036611
0 0.372238 0.409069 0.028414 0.026222
0 0.236539 0.520049 0.036500 0.051819
0 0.264348 0.481354 0.035367 0.042153
0 0.228977 0.451639 0.034594 0.039389
0 0.210887 0.401319 0.017789 0.024667
0 0.311937 0.403958 0.023281 0.017278
0 0.222707 0.386090 0.026680 0.024292
0 0.172980 0.391465 0.022930 0.020792
0 0.262988 0.393944 0.024102 0.016583
0 0.241609 0.407764 0.031094 0.027639
0 0.246949 0.907264 0.098727 0.153556
0 0.362215 0.436174 0.032102 0.027625
0 0.312887 0.423340 0.027820 0.025014
0 0.675152 0.961979 0.113602 0.076042
0 0.494598 0.553833 0.048586 0.051139
0 0.420559 0.543819 0.051305 0.065639
0 0.877773 0.645674 0.082687 0.071264
0 0.409402 0.675194 0.059086 0.113833
0 0.284801 0.690958 0.060633 0.132806
0 0.340656 0.542938 0.051359 0.061986
0 0.850840 0.694007 0.089523 0.083181
0 0.521508 0.653722 0.071312 0.110250
0 0.267227 0.587076 0.047422 0.076542
0 0.700340 0.598917 0.066695 0.071306
0 0.715336 0.513646 0.055375 0.059792
0 0.456187 0.604014 0.051344 0.077194
0 0.774734 0.870417 0.118641 0.148306
0 0.576258 0.483083 0.050875 0.052889
0 0.444055 0.463194 0.035375 0.031778
