0 0.814422 0.519597 0.059906 0.057917
0 0.608117 0.889674 0.110719 0.182292
0 0.275813 0.707993 0.062688 0.101264
0 0.271941 0.832722 0.080508 0.161889
0 0.189680 0.396500 0.020063 0.020444
0 0.237422 0.530590 0.034766 0.039458
0 0.272992 0.487028 0.032359 0.032333
0 0.305621 0.468250 0.035570 0.031861
0 0.237637 0.408472 0.023977 0.020250
0 0.264012 0.409014 0.025570 0.019889
0 0.427094 0.435507 0.037359 0.035875
0 0.397125 0.445799 0.032562 0.025931
0 0.593074 0.463840 0.034039 0.039569
0 0.476996 0.611389 0.061602 0.083278
0 0.377211 0.617667 0.055828 0.088972
0 0.497617 0.479264 0.040703 0.038750
0 0.554180 0.466007 0.052797 0.053069
0 0.459801 0.950951 0.120070 0.098097
0 0.965617 0.707667 0.064375 0.065278
0 0.686523 0.742688 0.090188 0.116347
0 0.326355 0.416861 0.034852 0.035861
0 0.762918 0.409319 0.037430 0.050444
0 0.635223 0.557438 0.058961 0.051931
0 0.772852 0.652861 0.078312 0.090583
0 0.768801 0.568944 0.067367 0.067306
