0 0.286586 0.501903 0.037484 0.041806
0 0.205797 0.486167 0.034875 0.054278
0 0.735273 0.624451 0.067891 0.068347
0 0.774395 0.536090 0.049805 0.039958
0 0.742004 0.562056 0.055695 0.054778
0 0.266781 0.539250 0.039094 0.069194
0 0.652152 0.520792 0.045383 0.034639
0 0.866848 0.720812 0.096039 0.097514
0 0.620637 0.550562 0.052273 0.055542
0 0.502387 0.554028 0.049195 0.056472
0 0.240484 0.466326 0.041906 0.049708
0 0.396125 0.691528 0.059344 0.093444
0 0.560852 0.510090 0.048672 0.048569
0 0.215172 0.400639 0.029531 0.021500
0 0.221336 0.426889 0.030703 0.028528
0 0.194711 0.436812 0.022094 0.026875
0 0.348320 0.430181 0.033875 0.029500
0 0.434711 0.440083 0.025687 0.033500
0 0.506270 0.445201 0.119305 0.126097
0 0.663410 0.491715 0.044883 0.033069
0 0.427480 0.503042 0.041789 0.046750
0 0.367684 0.512326 0.044664 0.052514
0 0.451250 0.959597 0.117000 0.080806
