0 0.363781 0.436903 0.037672 0.031833
0 0.595125 0.528715 0.048922 0.060597
0 0.722699 0.548438 0.064523 0.070153
0 0.175066 0.391028 0.019523 0.017861
0 0.383082 0.426354 0.021398 0.020681
0 0.325637 0.419118 0.027445 0.030181
0 0.284359 0.404236 0.026281 0.021917
0 0.254242 0.457361 0.029297 0.033083
0 0.242848 0.429660 0.036273 0.033069
0 0.839027 0.618604 0.091758 0.080875
0 0.499820 0.556868 0.065250 0.073042
0 0.532348 0.674667 0.070008 0.105194
0 0.491508 0.462472 0.038531 0.040222
0 0.626020 0.499549 0.052102 0.053181
0 0.447813 0.457743 0.046500 0.048264
0 0.440617 0.581764 0.052109 0.067083
0 0.342871 0.543014 0.040086 0.067778
0 0.199840 0.400236 0.020117 0.021917
0 0.215531 0.398625 0.013063 0.019750
0 0.351289 0.468917 0.042266 0.059222
0 0.287656 0.598125 0.071250 0.161250
0 0.249281 0.517368 0.042156 0.073625
0 0.972687 0.715889 0.054625 0.077694
0 0.834301 0.550035 0.078367 0.063236
0 0.515598 0.436181 0.045148 0.039778
0 0.430383 0.421618 0.030047 0.029181
