0 0.620461 0.452306 0.045766 0.031778
0 0.825617 0.553174 0.072453 0.071042
0 0.765852 0.602361 0.068687 0.075500
0 0.559059 0.775174 0.082117 0.124764
0 0.835090 0.689382 0.090305 0.084542
0 0.485961 0.466681 0.033984 0.043111
0 0.555629 0.460847 0.035242 0.038972
0 0.502848 0.649896 0.069930 0.107847
0 0.245195 0.468882 0.037844 0.045958
0 0.474445 0.467375 0.056922 0.043306
0 0.389297 0.432028 0.029062 0.021278
0 0.260887 0.541757 0.038617 0.048236
0 0.200422 0.392674 0.027234 0.018125
0 0.270492 0.406056 0.027234 0.018139
0 0.303437 0.401979 0.027969 0.018125
0 0.322148 0.419028 0.028203 0.021111
0 0.312582 0.477229 0.035633 0.029458
0 0.382820 0.483035 0.038609 0.041069
0 0.629836 0.476611 0.047266 0.037056
0 0.614727 0.503771 0.047266 0.044125
0 0.969160 0.721500 0.061680 0.092167
0 0.229594 0.933924 0.105281 0.132153
0 0.427609 0.949257 0.113844 0.101486
0 0.322570 0.527639 0.045953 0.074167
0 0.347004 0.437014 0.028227 0.018750
0 0.281953 0.648542 0.054531 0.091528
